 170313 608150       1    12 401556    1295570597
 170306 608150       1    12 404063    1295564334
 170306 608150       1    12 403735    1295564326
 170306 608150       1    12 403986    1295564328
 170306 608150       1    12 403273    1295564324
 170306 608150       1    12 403674    1295564325
 170306 608150       1    12 403112    1295564322
 170306 608150       1    12 404045    1295564330
 170306 608150       1    12 403889    1295564327
 170306 608150       1    12 404024    1295564329
 170306 608150       1    12 404050    1295564331
 170306 608150       1    12 404053    1295564332
 170306 608150       1    12 404066    1295564335
 170306 608150       1    12 402939    1295564321
 170306 608150       1    12 405108    1295564344
 170306 608150       1    12 404407    1295564337
 170306 608150       1    12 404805    1295564342
 170306 608150       1    12 404701    1295564339
 170306 608150       1    12 404868    1295564343
 170306 608150       1    12 404804    1295564341
 170306 608150       1    12 404248    1295564336
 170306 608150       1    12 404062    1295564333
 170306 608150       1    12 404485    1295564338
 170306 608150       2    12 404800    1295564340
